2012 09 01  0000   56171       0    0        1.0      306.2     1.29e+04
2012 09 01  0100   56171    3600    1        1.1      308.5     1.24e+04
2012 09 01  0200   56171    7200    0        1.1      306.4     1.58e+04
2012 09 01  0300   56171   10800    1        2.1      304.2     2.12e+04
2012 09 01  0400   56171   14400    0        0.8      299.0     2.45e+04
2012 09 01  0500   56171   18000    1        1.0      302.1     2.71e+04
2012 09 01  0600   56171   21600    0        1.1      311.0     2.19e+04
2012 09 01  0700   56171   25200    0        1.8      318.3     1.95e+04
2012 09 01  0800   56171   28800    1        0.9      319.7     2.01e+04
2012 09 01  0900   56171   32400    0        0.4      319.4     1.50e+04
2012 09 01  1000   56171   36000    0        0.6      317.5     1.41e+04
2012 09 01  1100   56171   39600    0        0.5      319.6     1.46e+04
2012 09 01  1200   56171   43200    1        0.2      326.5     1.55e+04
2012 09 01  1300   56171   46800    0        0.2      327.9     2.37e+04
2012 09 01  1400   56171   50400    1        0.2      335.5     3.07e+04
2012 09 01  1500   56171   54000    0        0.1      331.7     3.29e+04
2012 09 01  1600   56171   57600    1        0.1      336.0     3.40e+04
2012 09 01  1700   56171   61200    0        0.2      333.7     2.64e+04
2012 09 01  1800   56171   64800    0        0.1      418.5     2.55e+05
2012 09 01  1900   56171   68400    0        0.1      351.2     5.47e+04
2012 09 01  2000   56171   72000    0        0.2      322.8     3.04e+04
2012 09 01  2200   56171   79200    0        0.2      329.1     3.15e+04
2012 09 01  2300   56171   82800    0        0.3      313.6     6.58e+04
2012 09 02  0000   56172       0    0        0.5      307.6     2.02e+04
2012 09 02  0100   56172    3600    0        0.6      307.9     1.29e+04
2012 09 02  0200   56172    7200    0        1.1      309.2     1.26e+04
2012 09 02  0300   56172   10800    0        1.4      307.8     1.27e+04
2012 09 02  0400   56172   14400    0        1.2      309.6     1.31e+04
2012 09 02  0500   56172   18000    0        1.3      310.0     1.96e+04
2012 09 02  0600   56172   21600    0        0.8      310.0     1.73e+04
2012 09 02  0700   56172   25200    1        0.6      311.8     3.26e+04
2012 09 02  0800   56172   28800    0        0.5      312.2     2.32e+04
2012 09 02  0900   56172   32400    0        0.7      315.2     1.35e+04
2012 09 02  1000   56172   36000    0        1.5      316.1     2.71e+04
2012 09 02  1100   56172   39600    0        1.2      317.8     2.56e+04
2012 09 02  1200   56172   43200    0        1.0      318.6     2.12e+04
2012 09 02  1300   56172   46800    0        0.8      318.6     2.53e+04
2012 09 02  1400   56172   50400    0        0.8      320.8     2.51e+04
2012 09 02  1500   56172   54000    0        0.7      314.9     2.34e+04
2012 09 02  1600   56172   57600    0        1.2      316.6     3.08e+04
2012 09 02  1700   56172   61200    0        1.3      317.4     2.18e+04
2012 09 02  1800   56172   64800    0        1.4      313.1     2.00e+04
2012 09 02  1900   56172   68400    1        1.2      309.8     1.78e+04
2012 09 02  2000   56172   72000    1        1.3      308.4     1.29e+04
2012 09 02  2100   56172   75600    0        1.4      306.1     1.12e+04
2012 09 02  2200   56172   79200    0        1.0      306.1     1.58e+04
2012 09 02  2300   56172   82800    1        0.7      303.0     1.90e+04
2012 09 03  0000   56173       0    1        0.9      299.0     1.52e+04
2012 09 03  0200   56173    7200    0        2.1      302.5     2.67e+04
2012 09 03  0300   56173   10800    0        1.9      299.4     1.50e+04
2012 09 03  0400   56173   14400    0        2.1      300.8     3.24e+04
2012 09 03  0500   56173   18000    0        1.8      300.6     2.23e+04
2012 09 03  0600   56173   21600    0        2.2      300.4     2.39e+04
2012 09 03  0700   56173   25200    0        2.1      301.4     3.71e+04
2012 09 03  0800   56173   28800    0        1.7      296.3     3.67e+04
2012 09 03  0900   56173   32400    0        3.5      309.0     5.04e+04
2012 09 03  1000   56173   36000    0        2.3      308.8     4.63e+04
2012 09 03  1100   56173   39600    0       11.1      372.9     1.31e+05
2012 09 03  1200   56173   43200    0       19.8      427.4     1.87e+05
2012 09 03  1300   56173   46800    0       20.5      419.1     1.69e+05
2012 09 03  1400   56173   50400    1       17.9      423.9     1.41e+05
2012 09 03  1500   56173   54000    1       20.4      428.9     1.93e+05
2012 09 03  1700   56173   61200    1       13.2      418.9     2.13e+05
2012 09 03  1800   56173   64800    1       11.4      425.3     2.21e+05
2012 09 03  1900   56173   68400    1        8.7      427.3     2.15e+05
2012 09 03  2000   56173   72000    1       11.4      423.1     1.77e+05
2012 09 03  2100   56173   75600    0        5.3      429.3     2.41e+05
2012 09 03  2200   56173   79200    0        2.2      453.7     2.49e+05
2012 09 03  2300   56173   82800    0        1.2      444.2     1.96e+05
2012 09 04  0000   56174       0    0        4.4      424.9     1.52e+05
2012 09 04  0100   56174    3600    0        4.6      411.9     1.90e+05
2012 09 04  0200   56174    7200    1        5.1      420.3     1.77e+05
2012 09 04  0300   56174   10800    0        4.9      416.5     1.72e+05
2012 09 04  0400   56174   14400    0        1.9      417.1     1.89e+05
2012 09 04  0500   56174   18000    0        1.8      416.4     1.89e+05
2012 09 04  0600   56174   21600    0        6.7      409.1     1.07e+05
2012 09 04  0700   56174   25200    0       10.6      410.2     1.04e+05
2012 09 04  0800   56174   28800    0       10.9      400.8     1.03e+05
2012 09 04  0900   56174   32400    0       11.2      410.6     8.78e+04
2012 09 04  1000   56174   36000    0       10.4      420.1     9.08e+04
2012 09 04  1100   56174   39600    0        1.5      409.7     5.72e+04
2012 09 04  1200   56174   43200    0        0.3      417.1     4.02e+04
2012 09 04  1300   56174   46800    0        1.0      397.0     4.88e+04
2012 09 04  1400   56174   50400    0        2.7      424.4     4.09e+04
2012 09 04  1500   56174   54000    0        1.6      431.1     4.73e+04
2012 09 04  1600   56174   57600    0        3.0      388.0     4.19e+04
2012 09 04  1700   56174   61200    0        1.5      437.8     6.77e+04
2012 09 04  1800   56174   64800    0        2.3      442.8     6.82e+04
2012 09 04  1900   56174   68400    0        0.7      435.7     7.69e+04
2012 09 04  2000   56174   72000    0        1.8      437.1     3.77e+04
2012 09 04  2100   56174   75600    0        2.0      436.4     6.94e+04
2012 09 04  2200   56174   79200    0        1.4      472.6     8.74e+04
2012 09 04  2300   56174   82800    0        1.4      472.4     8.76e+04
2012 09 05  0100   56175    3600    0        2.7      507.8     1.52e+05
2012 09 05  0200   56175    7200    0        4.3      514.7     3.26e+05
2012 09 05  0300   56175   10800    0        5.9      535.7     3.32e+05
2012 09 05  0400   56175   14400    0        7.5      532.4     2.63e+05
2012 09 05  0500   56175   18000    0        5.5      522.9     1.90e+05
2012 09 05  0600   56175   21600    0        5.2      522.2     6.61e+04
2012 09 05  0700   56175   25200    0        2.5      498.2     4.68e+04
2012 09 05  0800   56175   28800    0        3.7      494.8     2.48e+04
2012 09 05  0900   56175   32400    0        3.0      508.7     5.74e+04
2012 09 05  1000   56175   36000    0        1.9      516.0     5.09e+04
2012 09 05  1100   56175   39600    0        3.2      502.8     4.56e+04
2012 09 05  1200   56175   43200    0        2.4      492.7     6.34e+04
2012 09 05  1300   56175   46800    0        1.9      490.7     7.19e+04
2012 09 05  1400   56175   50400    0        2.2      514.9     8.42e+04
2012 09 05  1500   56175   54000    0        3.0      497.4     4.30e+04
2012 09 05  1600   56175   57600    0        6.1      487.7     4.53e+04
2012 09 05  1700   56175   61200    0        7.8      474.0     4.44e+04
2012 09 05  1800   56175   64800    0        5.1      453.3     7.35e+04
2012 09 05  1900   56175   68400    0        3.9      453.2     8.31e+04
2012 09 05  2000   56175   72000    0        3.7      452.8     6.83e+04
2012 09 05  2100   56175   75600    0        6.1      456.4     6.22e+04
2012 09 05  2200   56175   79200    0       10.6      460.6     4.92e+04
2012 09 05  2300   56175   82800    0       10.7      443.3     4.34e+04
2012 09 06  0000   56176       0    0       13.1      439.4     4.95e+04
2012 09 06  0100   56176    3600    0        9.5      455.9     8.23e+04
2012 09 06  0200   56176    7200    0        3.1      464.4     2.57e+04
2012 09 06  0400   56176   14400    0        2.2      438.3     2.63e+04
2012 09 06  0500   56176   18000    0        2.3      440.7     3.89e+04
2012 09 06  0600   56176   21600    0        2.6      445.3     2.04e+04
2012 09 06  0700   56176   25200    0        2.0      439.5     2.41e+04
2012 09 06  0800   56176   28800    0        1.3      427.4     2.08e+04
2012 09 06  0900   56176   32400    0        1.1      426.0     2.41e+04
2012 09 06  1000   56176   36000    0        0.3      413.2     2.88e+04
2012 09 06  1100   56176   39600    0        0.4      408.4     2.90e+04
2012 09 06  1200   56176   43200    0        0.4      405.3     3.18e+04
2012 09 06  1300   56176   46800    0        0.3      404.6     3.05e+04
2012 09 06  1500   56176   54000    0        1.2      404.0     6.43e+04
2012 09 06  1600   56176   57600    0        2.2      384.1     4.46e+04
2012 09 06  1700   56176   61200    0        0.2      396.4     6.67e+04
2012 09 06  1800   56176   64800    0        0.1      395.3     6.25e+04
2012 09 06  1900   56176   68400    0        0.3      401.0     4.74e+04
2012 09 06  2000   56176   72000    1        0.1      388.6     4.15e+04
2012 09 06  2100   56176   75600    0        0.0      400.8     7.33e+04
2012 09 06  2200   56176   79200    0        0.0      391.4     7.03e+04
2012 09 06  2300   56176   82800    0        0.0      387.1     1.46e+05
2012 09 07  0000   56177       0    0        0.0      392.7     8.15e+04
2012 09 07  0100   56177    3600    1        0.2      398.0     7.38e+04
2012 09 07  0200   56177    7200    0        0.2      407.1     5.75e+04
2012 09 07  0300   56177   10800    0        0.3      384.9     7.19e+04
2012 09 07  0400   56177   14400    0        0.2      405.7     8.74e+04
2012 09 07  0500   56177   18000    0        0.4      395.9     8.34e+04
2012 09 07  0700   56177   25200    0        0.3      393.2     6.13e+04
2012 09 07  0800   56177   28800    0        0.2      389.6     5.52e+04
2012 09 07  0900   56177   32400    0        0.2      378.7     6.92e+04
2012 09 07  1000   56177   36000    0        0.2      371.8     7.13e+04
2012 09 07  1100   56177   39600    1        0.3      381.1     5.90e+04
2012 09 07  1200   56177   43200    0        0.6      373.7     7.98e+04
2012 09 07  1300   56177   46800    0        0.4      380.3     5.82e+04
2012 09 07  1400   56177   50400    0        0.3      376.3     7.38e+04
2012 09 07  1500   56177   54000    0        0.3      378.5     6.53e+04
2012 09 07  1600   56177   57600    0        0.6      374.1     7.58e+04
2012 09 07  1700   56177   61200    0        0.4      381.0     6.08e+04
2012 09 07  1800   56177   64800    0        0.7      368.5     8.49e+04
2012 09 07  1900   56177   68400    0        0.4      379.8     8.41e+04
2012 09 07  2000   56177   72000    0        1.1      386.3     8.01e+04
2012 09 07  2100   56177   75600    0        0.4      390.8     5.13e+04
2012 09 07  2200   56177   79200    0        0.7      391.3     6.09e+04
2012 09 07  2300   56177   82800    0        0.8      388.4     5.42e+04
2012 09 08  0000   56178       0    0        1.1      387.3     9.30e+04
2012 09 08  0100   56178    3600    1        0.7      393.4     1.20e+05
2012 09 08  0200   56178    7200    0        0.4      411.9     1.09e+05
2012 09 08  0300   56178   10800    0        1.0      383.2     6.69e+04
2012 09 08  0400   56178   14400    0        0.5      389.5     7.69e+04
2012 09 08  0500   56178   18000    0        1.0      386.0     7.06e+04
2012 09 08  0600   56178   21600    0        0.5      396.1     8.00e+04
2012 09 08  0700   56178   25200    0        0.3      403.9     7.70e+04
2012 09 08  0800   56178   28800    0        1.7      401.3     6.82e+04
2012 09 08  0900   56178   32400    0        0.2      400.0     1.01e+05
2012 09 08  1000   56178   36000    0        0.4      395.6     7.02e+04
2012 09 08  1100   56178   39600    0        0.2      398.0     5.42e+04
2012 09 08  1200   56178   43200    0        0.2      393.0     5.52e+04
2012 09 08  1300   56178   46800    0        0.4      381.9     4.00e+04
2012 09 08  1400   56178   50400    0        0.3      381.4     4.14e+04
2012 09 08  1500   56178   54000    0        0.3      381.0     6.35e+04
2012 09 08  1600   56178   57600    0        0.2      380.1     4.09e+04
2012 09 08  1700   56178   61200    0        0.2      374.8     9.15e+04
2012 09 08  1800   56178   64800    0        0.5      360.2     7.16e+04
2012 09 08  1900   56178   68400    0        0.3      365.5     5.51e+04
2012 09 08  2000   56178   72000    0        0.5      378.0     9.39e+04
2012 09 08  2100   56178   75600    0        0.5      369.0     7.46e+04
2012 09 08  2200   56178   79200    0        0.3      369.5     6.62e+04
2012 09 08  2300   56178   82800    0        0.6      370.0     4.70e+04
2012 09 09  0000   56179       0    0        0.6      364.8     5.64e+04
2012 09 09  0100   56179    3600    0        0.7      358.2     6.79e+04
2012 09 09  0200   56179    7200    0        1.1      363.1     4.88e+04
2012 09 09  0300   56179   10800    0        0.7      352.4     5.24e+04
2012 09 09  0400   56179   14400    0        0.2      361.0     7.30e+04
2012 09 09  0500   56179   18000    0        0.4      353.5     7.34e+04
2012 09 09  0600   56179   21600    0        0.2      363.7     7.20e+04
2012 09 09  0700   56179   25200    1        0.3      355.0     5.65e+04
2012 09 09  0800   56179   28800    0        0.2      360.4     3.88e+04
2012 09 09  0900   56179   32400    0        0.2      359.7     6.54e+04
2012 09 09  1000   56179   36000    1        0.2      349.9     5.65e+04
2012 09 09  1100   56179   39600    0        0.3      349.7     5.44e+04
2012 09 09  1200   56179   43200    1        0.3      352.4     5.81e+04
2012 09 09  1300   56179   46800    1        0.2      365.6     7.41e+04
2012 09 09  1400   56179   50400    1        0.1      362.0     6.43e+04
2012 09 09  1500   56179   54000    0        0.2      353.7     5.93e+04
2012 09 09  1600   56179   57600    0        0.3      353.8     4.32e+04
2012 09 09  1700   56179   61200    0        0.2      355.9     6.39e+04
2012 09 09  1800   56179   64800    0        0.1      356.6     6.36e+04
2012 09 09  1900   56179   68400    0        0.2      353.9     5.56e+04
2012 09 09  2000   56179   72000    0        0.2      361.2     5.27e+04
2012 09 09  2100   56179   75600    0        0.1      370.6     5.97e+04
2012 09 09  2200   56179   79200    0        0.3      374.8     6.73e+04
2012 09 09  2300   56179   82800    0        0.3      360.0     8.73e+04
2012 09 10  0000   56180       0    0        0.6      342.9     6.88e+04
2012 09 10  0100   56180    3600    0        0.8      342.9     5.00e+04
2012 09 10  0200   56180    7200    0        0.6      342.1     5.58e+04
2012 09 10  0300   56180   10800    0        0.5      340.0     6.10e+04
2012 09 10  0500   56180   18000    0        0.7      346.8     4.80e+04
2012 09 10  0600   56180   21600    0        0.7      339.7     4.14e+04
2012 09 10  0700   56180   25200    0        0.9      339.0     3.28e+04
2012 09 10  0800   56180   28800    0        1.1      326.4     1.90e+04
2012 09 10  0900   56180   32400    0        1.0      315.7     1.41e+04
2012 09 10  1000   56180   36000    0        1.3      317.1     1.53e+04
2012 09 10  1100   56180   39600    0        1.2      335.8     2.74e+04
2012 09 10  1200   56180   43200    0        0.7      341.4     2.13e+04
2012 09 10  1300   56180   46800    0        1.2      339.1     3.90e+04
2012 09 10  1400   56180   50400    0        1.3      344.7     5.15e+04
2012 09 10  1500   56180   54000    1        0.8      359.1     8.00e+04
2012 09 10  1600   56180   57600    0        1.7      344.0     3.74e+04
2012 09 10  1700   56180   61200    0        1.9      336.0     2.89e+04
2012 09 10  1800   56180   64800    1        1.5      329.8     2.85e+04
2012 09 10  1900   56180   68400    0        1.3      325.5     2.63e+04
2012 09 10  2100   56180   75600    0        1.4      316.2     2.29e+04
2012 09 10  2200   56180   79200    0        1.2      314.0     2.54e+04
2012 09 10  2300   56180   82800    0        0.7      305.1     3.10e+04
2012 09 11  0000   56181       0    0        0.8      305.3     3.82e+04
2012 09 11  0100   56181    3600    0        0.7      300.7     3.43e+04
2012 09 11  0200   56181    7200    0        1.1      300.3     2.26e+04
2012 09 11  0300   56181   10800    1        1.3      299.6     2.27e+04
2012 09 11  0400   56181   14400    0        0.8      296.7     2.69e+04
2012 09 11  0500   56181   18000    0        0.8      294.1     2.33e+04
2012 09 11  0600   56181   21600    0        0.9      295.5     2.62e+04
2012 09 11  0700   56181   25200    0        0.6      307.2     2.22e+04
2012 09 11  0800   56181   28800    1        0.3      305.0     1.72e+04
2012 09 11  0900   56181   32400    1        0.3      303.7     1.82e+04
2012 09 11  1000   56181   36000    1        0.3      303.9     1.56e+04
2012 09 11  1100   56181   39600    1        0.3      305.4     1.90e+04
2012 09 11  1300   56181   46800    0        0.6      291.6     2.26e+04
2012 09 11  1400   56181   50400    0        0.3      298.9     2.14e+04
2012 09 11  1500   56181   54000    0        0.3      304.8     3.20e+04
2012 09 11  1600   56181   57600    1        0.4      287.8     2.99e+04
2012 09 11  1700   56181   61200    1        0.3      295.3     4.08e+04
2012 09 11  1800   56181   64800    1        0.1      321.4     4.21e+04
2012 09 11  1900   56181   68400    0        0.2      319.1     3.69e+04
2012 09 11  2000   56181   72000    0        0.2      301.3     5.45e+04
2012 09 11  2100   56181   75600    0        0.5      294.7     5.94e+04
2012 09 11  2200   56181   79200    6        0.9      298.1     3.16e+04
2012 09 11  2300   56181   82800    1        0.9      291.4     2.57e+04
2012 09 12  0000   56182       0    0        0.8      289.7     4.42e+04
2012 09 12  0100   56182    3600    0        0.9      287.9     2.20e+04
2012 09 12  0200   56182    7200    1        0.6      297.9     2.87e+04
2012 09 12  0300   56182   10800    1        0.6      288.0     2.31e+04
2012 09 12  0400   56182   14400    1        0.5      280.5     1.37e+04
2012 09 12  0500   56182   18000    1        0.4      279.6     1.47e+04
2012 09 12  0600   56182   21600    1        0.6      281.5     1.36e+04
2012 09 12  0700   56182   25200    0        0.3      282.2     1.79e+04
2012 09 12  0800   56182   28800    0        0.4      279.4     2.00e+04
2012 09 12  0900   56182   32400    0        0.5      281.0     1.24e+04
2012 09 12  1000   56182   36000    1        0.3      279.0     1.49e+04
2012 09 12  1100   56182   39600    1        0.4      280.2     1.69e+04
2012 09 12  1200   56182   43200    1        0.5      278.0     1.64e+04
2012 09 12  1300   56182   46800    0        0.4      280.2     2.24e+04
2012 09 12  1400   56182   50400    1        0.5      288.7     1.62e+04
2012 09 12  1500   56182   54000    1        0.6      287.3     1.67e+04
2012 09 12  1600   56182   57600    0        0.6      272.4     2.11e+04
2012 09 12  1700   56182   61200    1        2.1      283.2     2.13e+04
2012 09 12  1800   56182   64800    0        2.5      294.1     2.59e+04
2012 09 12  1900   56182   68400    0        1.9      306.0     5.58e+04
2012 09 12  2000   56182   72000    0        5.9      340.3     7.89e+04
2012 09 12  2100   56182   75600    0        7.9      362.1     7.76e+04
2012 09 12  2200   56182   79200    1        4.5      377.3     1.10e+05
2012 09 12  2300   56182   82800    1        1.8      397.3     1.75e+05
2012 09 13  0000   56183       0    0        1.9      400.6     1.76e+05
2012 09 13  0100   56183    3600    1        2.1      386.6     1.42e+05
2012 09 13  0200   56183    7200    1        2.4      377.0     1.25e+05
2012 09 13  0300   56183   10800    1        2.6      374.0     8.46e+04
2012 09 13  0400   56183   14400    1        2.6      363.1     8.52e+04
2012 09 13  0500   56183   18000    0        1.5      366.9     9.73e+04
2012 09 13  0600   56183   21600    0        0.6      367.8     9.80e+04
2012 09 13  0700   56183   25200    0        0.6      361.2     9.72e+04
2012 09 13  0800   56183   28800    1        0.5      363.0     8.01e+04
2012 09 13  0900   56183   32400    1        0.6      364.7     7.41e+04
2012 09 13  1000   56183   36000    1        0.3      367.6     9.54e+04
2012 09 13  1100   56183   39600    0        0.3      367.3     7.79e+04
2012 09 13  1200   56183   43200    0        0.4      362.3     4.59e+04
2012 09 13  1300   56183   46800    0        0.7      372.6     6.04e+04
2012 09 13  1400   56183   50400    0        0.6      369.9     5.99e+04
2012 09 13  1500   56183   54000    0        0.7      398.8     8.65e+04
2012 09 13  1600   56183   57600    0        0.2      389.6     8.90e+04
2012 09 13  1700   56183   61200    0        0.5      385.4     9.09e+04
2012 09 13  1900   56183   68400    0        0.1      397.8     8.80e+04
2012 09 13  2000   56183   72000    1        0.0      410.5     8.19e+04
2012 09 13  2100   56183   75600    1        0.1      405.0     9.43e+04
2012 09 13  2200   56183   79200    0        0.3      416.5     1.04e+05
2012 09 13  2300   56183   82800    0        0.1      426.5     1.42e+05
2012 09 14  0000   56184       0    0        0.2      421.0     1.00e+05
2012 09 14  0100   56184    3600    0        0.4      424.4     9.27e+04
2012 09 14  0200   56184    7200    0        1.0      418.7     8.21e+04
2012 09 14  0300   56184   10800    0        0.8      426.9     8.42e+04
2012 09 14  0400   56184   14400    0        0.9      426.7     9.03e+04
2012 09 14  0500   56184   18000    0        0.4      413.6     1.07e+05
2012 09 14  0600   56184   21600    0        0.2      421.4     1.11e+05
2012 09 14  0700   56184   25200    0        0.2      426.7     9.37e+04
2012 09 14  0800   56184   28800    0        0.2      433.6     8.56e+04
2012 09 14  0900   56184   32400    0        0.1      431.1     9.23e+04
2012 09 14  1000   56184   36000    1        0.1      447.9     9.28e+04
2012 09 14  1100   56184   39600    0        1.1      442.0     8.37e+04
2012 09 14  1200   56184   43200    0        2.3      452.6     7.49e+04
2012 09 14  1300   56184   46800    0        2.8      449.7     8.59e+04
2012 09 14  1400   56184   50400    1        1.7      445.9     7.36e+04
2012 09 14  1500   56184   54000    0        0.5      449.4     9.11e+04
2012 09 14  1600   56184   57600    0        1.0      451.9     8.66e+04
2012 09 14  1700   56184   61200    0        0.9      440.0     1.03e+05
2012 09 14  1800   56184   64800    0        0.7      446.3     1.10e+05
2012 09 14  1900   56184   68400    0        0.3      450.0     1.02e+05
2012 09 14  2000   56184   72000    0        1.2      435.0     8.07e+04
2012 09 14  2200   56184   79200    1        1.7      435.8     8.04e+04
2012 09 14  2300   56184   82800    0        0.8      429.2     1.04e+05
2012 09 15  0000   56185       0    0        1.3      440.6     7.11e+04
2012 09 15  0100   56185    3600    0        1.3      434.5     8.44e+04
2012 09 15  0200   56185    7200    0        1.2      418.4     8.32e+04
2012 09 15  0300   56185   10800    0        2.1      434.8     8.69e+04
2012 09 15  0400   56185   14400    0        1.5      437.6     8.20e+04
2012 09 15  0500   56185   18000    0        1.4      428.2     8.40e+04
2012 09 15  0600   56185   21600    0        1.8      418.9     7.99e+04
2012 09 15  0700   56185   25200    0        1.3      419.2     7.66e+04
2012 09 15  0800   56185   28800    1        1.2      425.6     7.23e+04
2012 09 15  0900   56185   32400    0        1.1      428.6     7.62e+04
2012 09 15  1000   56185   36000    1        1.4      429.3     6.80e+04
2012 09 15  1100   56185   39600    0        1.2      427.6     6.84e+04
2012 09 15  1200   56185   43200    0        0.9      439.6     6.85e+04
2012 09 15  1300   56185   46800    0        0.7      434.8     6.93e+04
2012 09 15  1400   56185   50400    0        0.6      432.3     8.18e+04
2012 09 15  1500   56185   54000    0        0.6      429.0     7.53e+04
2012 09 15  1600   56185   57600    0        0.9      438.8     5.20e+04
2012 09 15  1700   56185   61200    0        0.8      431.8     6.12e+04
2012 09 15  1800   56185   64800    0        0.7      420.9     6.04e+04
2012 09 15  1900   56185   68400    0        0.8      428.5     6.53e+04
2012 09 15  2000   56185   72000    0        0.9      422.8     5.61e+04
2012 09 15  2100   56185   75600    1        0.2      410.5     7.84e+04
2012 09 15  2200   56185   79200    0        0.2      401.2     6.66e+04
2012 09 15  2300   56185   82800    0        0.6      389.4     3.32e+04
2012 09 16  0000   56186       0    0        1.5      393.6     3.03e+04
2012 09 16  0100   56186    3600    0        1.3      400.8     2.98e+04
2012 09 16  0200   56186    7200    0        1.4      381.9     3.25e+04
2012 09 16  0300   56186   10800    0        1.5      385.2     3.01e+04
2012 09 16  0400   56186   14400    0        1.5      375.1     2.81e+04
2012 09 16  0500   56186   18000    0        2.2      377.8     2.91e+04
2012 09 16  0600   56186   21600    0        1.9      373.4     3.11e+04
2012 09 16  0700   56186   25200    0        0.8      372.8     4.62e+04
2012 09 16  0800   56186   28800    0        1.8      401.1     3.69e+04
2012 09 16  0900   56186   32400    0        0.8      413.5     7.23e+04
2012 09 16  1000   56186   36000    0        0.5      417.7     8.28e+04
2012 09 16  1100   56186   39600    0        0.4      413.4     9.48e+04
2012 09 16  1200   56186   43200    0        0.8      411.6     8.31e+04
2012 09 16  1300   56186   46800    0        0.7      404.3     6.50e+04
2012 09 16  1400   56186   50400    0        1.0      398.6     5.49e+04
2012 09 16  1500   56186   54000    0        1.3      400.4     5.27e+04
2012 09 16  1600   56186   57600    0        2.2      400.2     4.76e+04
2012 09 16  1700   56186   61200    0        4.0      404.8     5.46e+04
2012 09 16  1800   56186   64800    0        5.3      406.4     4.23e+04
2012 09 16  1900   56186   68400    0        2.0      419.3     8.18e+04
2012 09 16  2000   56186   72000    0        2.4      421.0     6.96e+04
2012 09 16  2100   56186   75600    0        1.7      421.5     7.14e+04
2012 09 16  2200   56186   79200    0        0.9      426.5     8.63e+04
2012 09 16  2300   56186   82800    0        0.3      441.2     9.15e+04
2012 09 17  0000   56187       0    0        0.8      442.9     6.08e+04
2012 09 17  0100   56187    3600    0        0.2      442.8     9.90e+04
2012 09 17  0200   56187    7200    0        0.3      431.5     9.88e+04
2012 09 17  0300   56187   10800    0        0.7      439.7     5.87e+04
2012 09 17  0400   56187   14400    0        2.5      434.9     4.19e+04
2012 09 17  0500   56187   18000    0        2.2      437.3     4.78e+04
2012 09 17  0600   56187   21600    0        1.0      436.0     4.72e+04
2012 09 17  0700   56187   25200    0        0.9      430.8     4.67e+04
2012 09 17  0800   56187   28800    0        1.2      425.5     5.88e+04
2012 09 17  0900   56187   32400    0        1.4      420.7     5.33e+04
2012 09 17  1000   56187   36000    0        1.1      421.9     5.49e+04
2012 09 17  1100   56187   39600    0        1.3      422.8     4.94e+04
2012 09 17  1200   56187   43200    0        1.2      419.8     4.42e+04
2012 09 17  1300   56187   46800    0        1.5      405.2     4.76e+04
2012 09 17  1400   56187   50400    0        0.8      406.6     5.95e+04
2012 09 17  1500   56187   54000    0        1.4      393.2     5.59e+04
2012 09 17  1600   56187   57600    0        1.7      392.2     4.20e+04
2012 09 17  1700   56187   61200    0        1.7      392.6     4.44e+04
2012 09 17  1800   56187   64800    0        2.0      397.8     5.87e+04
2012 09 17  2000   56187   72000    0        2.4      407.5     6.96e+04
2012 09 17  2100   56187   75600    0        1.3      408.7     6.60e+04
2012 09 17  2200   56187   79200    0        1.4      405.6     6.51e+04
2012 09 17  2300   56187   82800    1        3.5      406.5     7.04e+04
2012 09 18  0000   56188       0    0        2.2      400.7     6.96e+04
2012 09 18  0100   56188    3600    0        0.9      418.4     8.47e+04
2012 09 18  0200   56188    7200    0        1.6      415.2     1.04e+05
2012 09 18  0300   56188   10800    0        2.2      418.1     7.44e+04
2012 09 18  0400   56188   14400    0        2.0      411.4     8.28e+04
2012 09 18  0500   56188   18000    0        1.9      409.8     1.14e+05
2012 09 18  0600   56188   21600    0        2.2      407.1     9.37e+04
2012 09 18  0700   56188   25200    0        2.4      399.4     8.43e+04
2012 09 18  0800   56188   28800    0        1.9      396.4     7.66e+04
2012 09 18  0900   56188   32400    1        1.3      391.7     6.97e+04
2012 09 18  1000   56188   36000    0        1.3      394.7     7.35e+04
2012 09 18  1100   56188   39600    0        1.4      392.9     6.56e+04
2012 09 18  1200   56188   43200    0        2.0      377.7     4.53e+04
2012 09 18  1300   56188   46800    0        2.9      371.1     3.69e+04
2012 09 18  1400   56188   50400    0        4.0      366.0     3.47e+04
2012 09 18  1500   56188   54000    0        5.4      363.8     3.26e+04
2012 09 18  1600   56188   57600    0        6.5      367.8     2.79e+04
2012 09 18  1700   56188   61200    0        3.5      388.4     4.77e+04
2012 09 18  1800   56188   64800    0        3.6      397.1     5.19e+04
2012 09 18  1900   56188   68400    0        2.8      393.2     7.28e+04
2012 09 18  2000   56188   72000    0        3.0      397.4     7.47e+04
2012 09 18  2100   56188   75600    0        2.8      395.4     8.02e+04
2012 09 18  2200   56188   79200    0        2.9      383.4     9.98e+04
2012 09 18  2300   56188   82800    0        3.0      387.6     1.14e+05
2012 09 19  0000   56189       0    1        3.5      398.9     1.07e+05
2012 09 19  0100   56189    3600    0        2.7      385.4     8.70e+04
2012 09 19  0200   56189    7200    0        3.0      373.2     8.19e+04
2012 09 19  0400   56189   14400    1        1.0      361.1     8.66e+04
2012 09 19  0500   56189   18000    0        2.1      362.7     7.85e+04
2012 09 19  0600   56189   21600    0        1.6      369.0     7.07e+04
2012 09 19  0700   56189   25200    0        1.9      363.8     6.15e+04
2012 09 19  0800   56189   28800    0        1.8      359.0     5.15e+04
2012 09 19  0900   56189   32400    0        2.0      355.9     5.14e+04
2012 09 19  1000   56189   36000    0        2.6      363.3     4.70e+04
2012 09 19  1100   56189   39600    0        1.9      358.3     4.31e+04
2012 09 19  1200   56189   43200    0        1.8      362.0     4.91e+04
2012 09 19  1300   56189   46800    0        3.4      366.9     4.79e+04
2012 09 19  1400   56189   50400    0        3.0      379.1     4.85e+04
2012 09 19  1500   56189   54000    0        3.2      390.1     3.44e+04
2012 09 19  1600   56189   57600    0        8.4      380.3     3.09e+04
2012 09 19  1700   56189   61200    0       10.0      392.4     4.69e+04
2012 09 19  1800   56189   64800    0        9.9      400.9     6.56e+04
2012 09 19  1900   56189   68400    0        7.9      397.8     5.66e+04
2012 09 19  2000   56189   72000    0        8.5      394.5     5.67e+04
2012 09 19  2100   56189   75600    0        7.5      383.8     6.83e+04
2012 09 19  2200   56189   79200    0        5.1      372.3     1.04e+05
2012 09 19  2300   56189   82800    0        5.8      394.8     1.05e+05
2012 09 20  0000   56190       0    0        7.6      413.4     1.41e+05
2012 09 20  0100   56190    3600    0        8.1      440.6     1.84e+05
2012 09 20  0200   56190    7200    0        3.8      438.3     3.01e+05
2012 09 20  0300   56190   10800    0        2.4      435.4     2.17e+05
2012 09 20  0400   56190   14400    0        4.5      432.4     1.73e+05
2012 09 20  0500   56190   18000    0        5.1      452.7     1.91e+05
2012 09 20  0700   56190   25200    0        5.6      470.6     2.05e+05
2012 09 20  0800   56190   28800    1        2.4      487.9     2.12e+05
2012 09 20  0900   56190   32400    0        1.2      477.7     1.37e+05
2012 09 20  1000   56190   36000    0        0.4      530.9     1.65e+05
2012 09 20  1100   56190   39600    0        0.9      552.2     1.96e+05
2012 09 20  1200   56190   43200    0        1.0      572.7     2.68e+05
2012 09 20  1300   56190   46800    0        1.0      572.1     1.81e+05
2012 09 20  1400   56190   50400    0        1.0      576.9     1.69e+05
2012 09 20  1500   56190   54000    0        1.1      565.5     1.38e+05
2012 09 20  1700   56190   61200    0        0.8      575.0     1.96e+05
2012 09 20  1800   56190   64800    0        0.7      561.7     1.74e+05
2012 09 20  1900   56190   68400    0        0.7      566.3     1.40e+05
2012 09 20  2000   56190   72000    0        0.7      538.0     1.39e+05
2012 09 20  2100   56190   75600    0        1.1      528.0     1.51e+05
2012 09 20  2200   56190   79200    0        1.4      520.7     1.19e+05
2012 09 20  2300   56190   82800    0        0.9      541.6     8.82e+04
2012 09 21  0000   56191       0    0        1.0      522.4     1.21e+05
2012 09 21  0100   56191    3600    0        1.2      524.9     1.11e+05
2012 09 21  0200   56191    7200    0        1.1      508.3     1.38e+05
2012 09 21  0300   56191   10800    0        1.4      455.4     8.30e+04
2012 09 21  0400   56191   14400    1        1.6      445.4     8.74e+04
2012 09 21  0500   56191   18000    0        2.0      439.3     9.51e+04
2012 09 21  0600   56191   21600    0        2.4      433.2     1.04e+05
2012 09 21  0700   56191   25200    0        2.5      425.7     1.04e+05
2012 09 21  0800   56191   28800    0        3.4      449.4     1.02e+05
2012 09 21  0900   56191   32400    0        3.7      435.8     1.15e+05
2012 09 21  1000   56191   36000    0        3.2      460.8     1.23e+05
2012 09 21  1100   56191   39600    0        3.0      459.1     1.24e+05
2012 09 21  1200   56191   43200    0        2.0      476.7     1.72e+05
2012 09 21  1300   56191   46800    0        1.2      534.3     1.66e+05
2012 09 21  1400   56191   50400    0        1.1      545.3     1.43e+05
2012 09 21  1500   56191   54000    0        0.6      538.4     1.44e+05
2012 09 21  1600   56191   57600    0        1.0      537.2     1.04e+05
2012 09 21  1700   56191   61200    0        1.0      525.3     1.02e+05
2012 09 21  1800   56191   64800    0        1.5      510.7     9.72e+04
2012 09 21  1900   56191   68400    0        1.4      527.2     8.99e+04
2012 09 21  2100   56191   75600    0        1.7      498.8     1.06e+05
2012 09 21  2200   56191   79200    0        2.2      499.0     1.02e+05
2012 09 21  2300   56191   82800    0        2.1      482.9     9.06e+04
2012 09 22  0000   56192       0    1        2.1      483.3     1.00e+05
2012 09 22  0100   56192    3600    0        2.2      471.5     7.02e+04
2012 09 22  0200   56192    7200    0        2.1      471.7     7.29e+04
2012 09 22  0300   56192   10800    0        1.6      485.7     8.89e+04
2012 09 22  0400   56192   14400    1        1.2      476.5     1.08e+05
2012 09 22  0500   56192   18000    1        1.4      467.5     8.47e+04
2012 09 22  0600   56192   21600    0        1.7      471.9     8.69e+04
2012 09 22  0700   56192   25200    0        1.1      471.1     7.76e+04
2012 09 22  0800   56192   28800    0        1.2      455.4     6.83e+04
2012 09 22  0900   56192   32400    0        0.9      449.1     7.88e+04
2012 09 22  1000   56192   36000    0        1.2      440.5     5.51e+04
2012 09 22  1100   56192   39600    0        1.2      437.3     5.34e+04
2012 09 22  1200   56192   43200    0        1.5      432.4     5.37e+04
2012 09 22  1300   56192   46800    0        1.5      441.3     5.66e+04
2012 09 22  1400   56192   50400    0        1.7      438.9     4.39e+04
2012 09 22  1500   56192   54000    0        1.6      428.8     5.89e+04
2012 09 22  1600   56192   57600    0        1.6      417.0     4.89e+04
2012 09 22  1700   56192   61200    0        1.7      410.2     6.14e+04
2012 09 22  1800   56192   64800    0        2.1      402.0     4.31e+04
2012 09 22  1900   56192   68400    0        1.9      405.0     3.97e+04
2012 09 22  2000   56192   72000    0        1.9      405.2     4.51e+04
2012 09 22  2100   56192   75600    0        2.0      396.1     2.92e+04
2012 09 22  2200   56192   79200    0        2.1      390.8     2.64e+04
2012 09 22  2300   56192   82800    0        2.1      400.9     3.22e+04
2012 09 23  0000   56193       0    0        2.2      406.6     3.01e+04
2012 09 23  0100   56193    3600    0        2.5      390.1     3.05e+04
2012 09 23  0200   56193    7200    0        2.6      384.2     2.73e+04
2012 09 23  0300   56193   10800    0        2.5      383.5     2.87e+04
2012 09 23  0400   56193   14400    0        2.3      378.1     2.55e+04
2012 09 23  0500   56193   18000    0        2.5      379.9     2.87e+04
2012 09 23  0600   56193   21600    0        2.5      380.9     3.00e+04
2012 09 23  0700   56193   25200    0        1.8      377.3     2.69e+04
2012 09 23  0800   56193   28800    0        2.4      375.8     2.60e+04
2012 09 23  0900   56193   32400    0        2.7      374.6     2.56e+04
2012 09 23  1000   56193   36000    0        2.4      379.6     2.79e+04
2012 09 23  1100   56193   39600    0        2.4      373.1     3.40e+04
2012 09 23  1200   56193   43200    0        2.2      370.7     3.04e+04
2012 09 23  1300   56193   46800    0        2.4      368.7     3.00e+04
2012 09 23  1400   56193   50400    0        2.4      363.9     3.01e+04
2012 09 23  1500   56193   54000    0        2.7      361.9     2.19e+04
2012 09 23  1600   56193   57600    0        3.2      361.5     2.17e+04
2012 09 23  1700   56193   61200    0        2.7      360.0     2.13e+04
2012 09 23  1800   56193   64800    0        2.5      356.5     2.65e+04
2012 09 23  1900   56193   68400    0        2.2      352.1     3.27e+04
2012 09 23  2100   56193   75600    0        1.9      348.7     3.76e+04
2012 09 23  2200   56193   79200    0        2.6      352.2     3.16e+04
2012 09 23  2300   56193   82800    0        2.8      358.9     3.03e+04
2012 09 24  0000   56194       0    0        3.1      360.7     2.90e+04
2012 09 24  0100   56194    3600    0        3.1      343.8     6.26e+04
2012 09 24  0200   56194    7200    0        3.3      338.9     5.50e+04
2012 09 24  0300   56194   10800    0        3.1      336.8     4.60e+04
2012 09 24  0400   56194   14400    0        4.7      342.4     3.16e+04
2012 09 24  0500   56194   18000    0        5.9      343.9     1.93e+04
2012 09 24  0600   56194   21600    0        6.0      339.5     1.91e+04
2012 09 24  0800   56194   28800    0        5.3      337.7     2.15e+04
2012 09 24  0900   56194   32400    0        5.3      332.7     2.31e+04
2012 09 24  1000   56194   36000    0        5.7      331.5     2.58e+04
2012 09 24  1100   56194   39600    0        5.3      330.4     3.17e+04
2012 09 24  1200   56194   43200    0        5.5      331.9     2.64e+04
2012 09 24  1300   56194   46800    0        5.7      331.0     2.98e+04
2012 09 24  1400   56194   50400    0        3.4      338.3     4.48e+04
2012 09 24  1500   56194   54000    0        3.1      359.4     7.21e+04
2012 09 24  1600   56194   57600    0        3.1      358.5     7.42e+04
2012 09 24  1700   56194   61200    0        2.4      357.9     6.08e+04
2012 09 24  1800   56194   64800    0        1.0      358.4     6.04e+04
2012 09 24  1900   56194   68400    0        1.3      359.6     5.04e+04
2012 09 24  2000   56194   72000    0        1.0      362.3     5.20e+04
2012 09 24  2100   56194   75600    0        0.6      370.8     5.99e+04
2012 09 24  2200   56194   79200    0        0.7      367.7     6.05e+04
2012 09 24  2300   56194   82800    0        0.6      367.7     6.41e+04
2012 09 25  0000   56195       0    1        0.2      366.9     6.61e+04
2012 09 25  0100   56195    3600    0        0.1      375.7     9.02e+04
2012 09 25  0200   56195    7200    0        0.1      368.8     6.15e+04
2012 09 25  0300   56195   10800    1        0.2      366.7     5.18e+04
2012 09 25  0400   56195   14400    0        0.4      374.0     1.04e+05
2012 09 25  0500   56195   18000    0        0.6      357.6     9.48e+04
2012 09 25  0600   56195   21600    0        0.7      358.8     8.69e+04
2012 09 25  0700   56195   25200    0        0.6      360.8     9.76e+04
2012 09 25  0800   56195   28800    0        0.6      350.9     8.73e+04
2012 09 25  0900   56195   32400    0        0.5      359.2     8.93e+04
2012 09 25  1000   56195   36000    0        0.6      356.9     8.49e+04
2012 09 25  1100   56195   39600    0        0.7      349.6     6.66e+04
2012 09 25  1200   56195   43200    0        0.7      345.6     7.76e+04
2012 09 25  1300   56195   46800    0        0.5      345.8     8.57e+04
2012 09 25  1400   56195   50400    0        0.7      340.0     8.07e+04
2012 09 25  1600   56195   57600    0        0.4      332.5     5.93e+04
2012 09 25  1700   56195   61200    0        0.3      321.0     4.53e+04
2012 09 25  1800   56195   64800    0        0.3      318.5     4.73e+04
2012 09 25  1900   56195   68400    1        0.2      325.2     5.13e+04
2012 09 25  2000   56195   72000    0        0.3      327.9     4.38e+04
2012 09 25  2100   56195   75600    0        0.3      327.1     5.17e+04
2012 09 25  2200   56195   79200    0        0.5      327.3     4.58e+04
2012 09 25  2300   56195   82800    0        0.7      321.5     4.65e+04
2012 09 26  0000   56196       0    0        0.4      317.0     3.15e+04
2012 09 26  0100   56196    3600    1        0.7      319.0     3.67e+04
2012 09 26  0200   56196    7200    0        0.6      331.0     4.16e+04
2012 09 26  0300   56196   10800    0        1.3      337.0     5.34e+04
2012 09 26  0400   56196   14400    0        2.2      338.8     5.81e+04
2012 09 26  0500   56196   18000    0        1.7      341.7     5.15e+04
2012 09 26  0600   56196   21600    0        1.9      345.9     6.06e+04
2012 09 26  0700   56196   25200    0        2.3      352.2     6.57e+04
2012 09 26  0800   56196   28800    0        2.0      355.3     7.33e+04
2012 09 26  0900   56196   32400    0        1.6      360.4     7.87e+04
2012 09 26  1000   56196   36000    1        0.9      358.8     8.68e+04
2012 09 26  1100   56196   39600    0        1.3      370.1     9.45e+04
2012 09 26  1200   56196   43200    0        1.6      372.7     1.02e+05
2012 09 26  1400   56196   50400    0        1.7      403.1     1.77e+05
2012 09 26  1500   56196   54000    0        0.8      410.1     1.66e+05
2012 09 26  1600   56196   57600    1        1.4      404.6     1.63e+05
2012 09 26  1700   56196   61200    0        2.3      429.1     2.49e+05
2012 09 26  1900   56196   68400    0        1.4      433.7     1.91e+05
2012 09 26  2000   56196   72000    0        2.3      420.1     2.26e+05
2012 09 26  2100   56196   75600    0        1.7      427.1     2.78e+05
2012 09 26  2200   56196   79200    1        1.7      433.7     2.46e+05
2012 09 26  2300   56196   82800    0        1.5      425.7     1.72e+05
2012 09 27  0000   56197       0    1        1.0      440.5     2.13e+05
2012 09 27  0100   56197    3600    1        1.2      429.2     1.89e+05
2012 09 27  0200   56197    7200    1        1.3      425.4     1.51e+05
2012 09 27  0300   56197   10800    0        0.5      452.3     2.57e+05
2012 09 27  0400   56197   14400    1        0.9      428.4     1.01e+05
2012 09 27  0500   56197   18000    0        0.6      433.6     1.60e+05
2012 09 27  0600   56197   21600    0        0.7      441.5     1.84e+05
2012 09 27  0700   56197   25200    0        0.3      436.8     1.30e+05
2012 09 27  0800   56197   28800    0        0.3      440.5     1.57e+05
2012 09 27  0900   56197   32400    0        0.2      441.3     1.36e+05
2012 09 27  1000   56197   36000    0        0.2      436.7     1.38e+05
2012 09 27  1100   56197   39600    0        0.1      432.7     1.55e+05
2012 09 27  1200   56197   43200    1        0.1      420.4     1.48e+05
2012 09 27  1300   56197   46800    1        0.1      402.0     7.54e+04
2012 09 27  1400   56197   50400    0        0.2      404.0     6.25e+04
2012 09 27  1500   56197   54000    0        0.1      397.9     5.52e+04
2012 09 27  1600   56197   57600    0        0.0      399.3     5.88e+04
2012 09 27  1700   56197   61200    1        0.0      401.7     7.80e+04
2012 09 27  1800   56197   64800    0        0.1      396.8     4.87e+04
2012 09 27  1900   56197   68400    0        0.0      392.6     4.01e+04
2012 09 27  2000   56197   72000    1        0.0      400.1     8.66e+04
2012 09 27  2200   56197   79200    0        0.1      420.1     1.42e+05
2012 09 27  2300   56197   82800    0        0.1      392.2     1.02e+05
2012 09 28  0000   56198       0    0        0.1      382.6     8.39e+04
2012 09 28  0100   56198    3600    0        0.1      370.8     5.51e+04
2012 09 28  0200   56198    7200    0        0.1      396.7     1.28e+05
2012 09 28  0300   56198   10800    0        0.1      401.9     1.41e+05
2012 09 28  0400   56198   14400    0        0.0      377.4     7.97e+04
2012 09 28  0500   56198   18000    1        0.0      377.3     6.17e+04
2012 09 28  0600   56198   21600    1        0.0      366.5     8.42e+04
2012 09 28  0700   56198   25200    1        0.0      361.2     6.88e+04
2012 09 28  0800   56198   28800    1        0.0      358.9     6.11e+04
2012 09 28  0900   56198   32400    1        0.1      360.1     5.99e+04
2012 09 28  1000   56198   36000    1        0.0      350.3     4.57e+04
2012 09 28  1100   56198   39600    1        0.1      349.0     4.37e+04
2012 09 28  1200   56198   43200    1        0.1      337.9     3.52e+04
2012 09 28  1300   56198   46800    1        0.1      336.2     2.06e+04
2012 09 28  1400   56198   50400    1        0.1      333.3     2.27e+04
2012 09 28  1500   56198   54000    1        0.1      333.9     1.69e+04
2012 09 28  1600   56198   57600    1        0.1      339.5     1.77e+04
2012 09 28  1700   56198   61200    1        0.1      335.8     2.90e+04
2012 09 28  1800   56198   64800    1        0.1      327.9     2.82e+04
2012 09 28  1900   56198   68400    1        0.1      331.7     1.67e+04
2012 09 28  2000   56198   72000    1        0.1      319.5     1.93e+04
2012 09 28  2100   56198   75600    1        0.2      314.3     2.38e+04
2012 09 28  2200   56198   79200    1        0.3      313.0     1.43e+04
2012 09 28  2300   56198   82800    0        0.3      316.1     1.47e+04
2012 09 29  0100   56199    3600    1        0.2      311.7     2.20e+04
2012 09 29  0200   56199    7200    1        0.2      315.3     2.70e+04
2012 09 29  0300   56199   10800    1        0.2      302.0     1.33e+04
2012 09 29  0400   56199   14400    1        0.3      301.9     1.67e+04
2012 09 29  0500   56199   18000    1        0.2      300.3     1.51e+04
2012 09 29  0600   56199   21600    1        0.2      299.4     1.85e+04
2012 09 29  0700   56199   25200    0        0.2      304.7     2.46e+04
2012 09 29  0800   56199   28800    1        0.2      303.8     2.60e+04
2012 09 29  0900   56199   32400    1        0.2      293.4     2.14e+04
2012 09 29  1000   56199   36000    1        0.2      298.2     1.75e+04
2012 09 29  1100   56199   39600    1        0.2      293.8     1.65e+04
2012 09 29  1200   56199   43200    1        0.3      288.6     1.52e+04
2012 09 29  1300   56199   46800    1        0.3      289.6     1.73e+04
2012 09 29  1400   56199   50400    0        0.3      290.8     1.75e+04
2012 09 29  1500   56199   54000    0        0.3      293.2     1.85e+04
2012 09 29  1600   56199   57600    1        0.2      285.4     1.71e+04
2012 09 29  1700   56199   61200    1        0.3      283.8     1.65e+04
2012 09 29  1800   56199   64800    1        0.6      286.2     3.22e+04
2012 09 29  1900   56199   68400    1        0.5      283.0     1.96e+04
2012 09 29  2000   56199   72000    1        0.4      279.9     1.61e+04
2012 09 29  2100   56199   75600    0        1.6      279.4     2.23e+04
2012 09 29  2200   56199   79200    1        0.4      274.9     2.63e+04
2012 09 29  2300   56199   82800    1        0.4      275.6     1.52e+04
2012 09 30  0000   56200       0    1        1.1      279.3     1.85e+04
2012 09 30  0100   56200    3600    1        0.7      276.8     1.93e+04
2012 09 30  0200   56200    7200    1        0.4      278.0     2.13e+04
2012 09 30  0300   56200   10800    0        0.8      278.5     1.57e+04
2012 09 30  0400   56200   14400    0        1.0      276.3     2.18e+04
2012 09 30  0500   56200   18000    1        0.7      273.3     1.57e+04
2012 09 30  0600   56200   21600    1        0.6      270.7     1.37e+04
2012 09 30  0700   56200   25200    1        0.4      268.3     1.47e+04
2012 09 30  0800   56200   28800    1        0.4      267.8     1.47e+04
2012 09 30  0900   56200   32400    0        0.5      272.9     1.30e+04
2012 09 30  1000   56200   36000    0        1.5      291.9     2.26e+04
2012 09 30  1100   56200   39600    0        3.0      302.4     2.71e+04
2012 09 30  1200   56200   43200    1        2.7      300.4     2.39e+04
2012 09 30  1300   56200   46800    0        1.3      308.1     2.85e+04
2012 09 30  1400   56200   50400    0        0.7      304.3     1.98e+04
2012 09 30  1500   56200   54000    0        1.1      309.4     2.63e+04
2012 09 30  1600   56200   57600    1        0.6      311.4     2.60e+04
2012 09 30  1700   56200   61200    1        0.5      313.3     2.89e+04
2012 09 30  1800   56200   64800    0        0.6      318.6     3.06e+04
2012 09 30  2000   56200   72000    0        0.8      313.0     3.26e+04
2012 09 30  2100   56200   75600    1        0.6      314.9     4.03e+04
2012 09 30  2200   56200   79200    1        0.8      377.6     1.68e+05
2012 09 30  2300   56200   82800    0        0.6      398.8     1.40e+05